+---+------+---------------+----------------+---------------+
|   | iter |      xi       |     f(xi)      |       E       |
+---+------+---------------+----------------+---------------+
| 0 |  0   | 1.0000000E+00 | -2.0000000E+0  |               |
| 1 |  1   | 1.2500000E+00 | -1.2968750E+00 | 2.5000000E-01 |
| 2 |  2   | 1.4550327E+00 | -3.7455387E-01 | 2.0503266E-01 |
| 3 |  3   | 1.5178519E+00 | -2.0911764E-02 | 6.2819245E-02 |
| 4 |  4   | 1.5213701E+00 | -5.6934259E-05 | 3.5182253E-03 |
| 5 |  5   | 1.5213797E+00 | -4.1878279E-10 | 9.5787826E-06 |
| 6 |  6   | 1.5213797E+00 | 2.2204460E-16  | 7.0457196E-11 |
+---+------+---------------+----------------+---------------+